NAME MPTSPs_100_1
COOMENT 
TYPE MPTSPs
DIMENSION 105
N_PATH 3
EDGE_WEIGHT_TYPE : EXPLICIT
EDGE_DATA_FORMAT : EDGE_LIST
NODE_COORD_SECTION
1 13889.390925394853 14171.180856956846
2 13823.250579591198 14132.687711745952
3 13463.507882636406 14232.529220044342
4 14065.552786703221 14538.278002656809
5 14829.616259537963 14451.60461537773
6 14270.250256154752 14217.534431799135
7 14176.630995834064 14816.736157341238
8 13971.653782590856 13379.819636736564
9 21354.34681294354 14764.09328408354
10 23709.91298993681 16012.344165383303
11 22766.7738241162 16513.491835466742
12 22136.096542680443 16811.547167901725
13 22184.565414414697 15362.508255905197
14 23760.08484126394 14948.731822336984
15 21271.943846999173 15300.425179810993
16 22074.689007507317 16981.678217701683
17 17499.952230193598 20247.47849564509
18 20657.592566262807 21453.749756821147
19 17030.802219601926 20914.17622497554
20 18727.545234928963 20468.478108449322
21 18192.004926765097 19632.67742370628
22 17601.42484688663 20747.122869992047
23 18791.97729342209 22109.104535510924
24 12182.303370534855 22305.798109548774
25 11624.349592492712 22050.701232005886
26 12930.772163655785 22237.17999743786
27 11063.369075423885 22364.953450445246
28 11085.594609943058 22950.71377300148
29 11182.650722576182 22771.4686107703
30 13244.953887970154 21199.23674279305
31 12486.262021491186 22620.639315284025
32 12211.588452646742 22172.50355332269
33 5826.055548618525 18865.612882350473
34 7882.207982070211 18526.84566957198
35 7526.4602489702565 20042.61735351294
36 5875.237254947892 19549.882288155237
37 5948.653514281579 19456.94921329321
38 6563.248428975912 17249.219525704582
39 6015.385243351176 19252.323770062412
40 6417.323058715283 17915.23330499475
41 4218.7593267052125 13962.119689580897
42 4464.640326934185 12016.930129077058
43 6219.86514525825 12919.104124647974
44 4739.101106824066 13985.515756108636
45 5446.4553747076325 13839.639455976136
46 4328.6967265395815 11847.902193719945
47 5835.610265782008 11913.42711644368
48 6837.898173062342 13283.706965537962
49 4919.068406098207 13816.971797375616
50 10889.360862859898 6822.980458744461
51 8755.014832139752 5879.588642187305
52 10884.111365781358 7320.718011743412
53 9650.8462882992 7987.4903380581245
54 8301.238064383388 6685.101307180124
55 10479.91674602201 6395.524676592572
56 10373.501194588183 7921.539966657203
57 7963.498862461826 7643.894100818697
58 16436.56720846963 5562.494317668865
59 16678.06396860971 6129.807413814713
60 14225.810657794595 6249.750760212408
61 15690.111944033899 6223.55456460421
62 16072.845447877284 6941.528381716786
63 17245.99558901568 6022.917885956323
64 14982.458617722457 4589.572025533755
65 16296.081459912273 5799.852395420855
66 14993.261885235315 5734.603424376552
67 21931.526751947764 8864.363617786903
68 21526.94999820839 10585.868837562877
69 22555.57586457129 9789.859424249935
70 20950.173561459265 8939.76868986955
71 20297.107384898456 8099.311555077078
72 22417.72363221431 8606.882616808616
73 20938.895088428337 8584.097987216363
74 22322.7441502534 9431.074269500135
75 19057.249051909777 25910.51882349373
76 15496.138141132924 25364.014755020078
77 14626.53387318378 25289.461194519623
78 24608.216140219505 19042.804517826775
79 21757.101183936953 22468.932559689834
80 26743.065614039664 15310.447991118643
81 20947.863502597615 24530.24321436057
82 25053.46030338005 14517.944271085758
83 7529.569234501931 25397.92253724732
84 2360.965671957546 14209.291714772007
85 10177.863220743058 27308.241501498418
86 7616.923035522368 26433.55982296135
87 4920.134753515736 24415.918305159496
88 6657.868549643445 24973.05942566274
89 7257.388491283179 23271.97081953347
90 3485.2159343628377 17393.349060782904
91 5350.88706719319 23889.881953290096
92 4906.859679338437 3831.278555539571
93 12089.26446890642 3932.6334172243874
94 2190.867509446777 7714.406264933795
95 10325.456254011124 4606.5920915668885
96 9416.35320940516 3564.3425742737963
97 1692.885634031068 12145.535032253481
98 10441.467754389296 2829.1429621859106
99 25222.848021851256 10649.19658109467
100 20219.72131920831 4084.55419531332
101 26677.459380149074 12239.493555039668
102 15133.50329046341 3090.639778376346
103 23583.42544528031 6931.3565558745295
104 24113.342856937925 11236.681128801252
105 18124.84796182796 2429.4818254919514
EDGE_WEIGHT_SECTION
1 1 0
1 2 27
1 3 168
1 4 144
1 5 391
1 6 158
1 7 263
1 8 315
1 9 2778
1 10 4215
1 11 3664
1 12 3381
1 13 3423
1 14 4133
1 15 2596
1 16 3758
1 17 2643
1 18 3910
1 19 2685
1 20 3025
1 21 3017
1 22 3118
1 23 3660
1 24 2880
1 25 3304
1 26 3257
1 27 3425
1 28 3636
1 29 3442
1 30 2965
1 31 3486
1 32 3053
1 33 3516
1 34 2840
1 35 3756
1 36 3336
1 37 3956
1 38 3393
1 39 4079
1 40 3527
1 41 3858
1 42 4073
1 43 2563
1 44 4023
1 45 3431
1 46 3805
1 47 3286
1 48 2708
1 49 3704
1 50 3657
1 51 3693
1 52 3013
1 53 2976
1 54 3447
1 55 3248
1 56 2491
1 57 4409
1 58 3345
1 59 3573
1 60 2958
1 61 3500
1 62 3352
1 63 4126
1 64 3861
1 65 3271
1 66 3324
1 67 4048
1 68 3809
1 69 4184
1 70 3501
1 71 3941
1 72 3761
1 73 3322
1 74 3756
1 75 4646
1 76 5210
1 77 3983
1 78 4129
1 79 5295
1 80 5256
1 81 4371
1 82 4421
1 83 5199
1 84 4426
1 85 5377
1 86 6830
1 87 5717
1 88 4511
1 89 4422
1 90 4510
1 91 5473
1 92 6840
1 93 3847
1 94 4892
1 95 4037
1 96 4755
1 97 5468
1 98 4758
1 99 4462
1 100 4510
1 101 4986
1 102 4290
1 103 4709
1 104 3707
1 105 4647
2 1 27
2 2 0
2 3 179
2 4 175
2 5 413
2 6 175
2 7 293
2 8 285
2 9 3044
2 10 4165
2 11 3669
2 12 3982
2 13 3597
2 14 3486
2 15 3273
2 16 3592
2 17 2445
2 18 3663
2 19 3367
2 20 3318
2 21 3097
2 22 2819
2 23 3982
2 24 3027
2 25 2946
2 26 2915
2 27 3535
2 28 4015
2 29 3404
2 30 3037
2 31 3612
2 32 3275
2 33 3645
2 34 2728
2 35 3313
2 36 3426
2 37 3702
2 38 3778
2 39 3424
2 40 3287
2 41 3357
2 42 3538
2 43 3129
2 44 3623
2 45 2673
2 46 4227
2 47 3164
2 48 2558
2 49 3528
2 50 3444
2 51 3707
2 52 3164
2 53 3571
2 54 3507
2 55 3472
2 56 2544
2 57 3527
2 58 3926
2 59 3281
2 60 3229
2 61 3167
2 62 3049
2 63 3225
2 64 3698
2 65 4071
2 66 3828
2 67 3544
2 68 3021
2 69 3998
2 70 3586
2 71 3536
2 72 3897
2 73 3335
2 74 3996
2 75 4388
2 76 4163
2 77 5762
2 78 4454
2 79 4365
2 80 5808
2 81 4792
2 82 3945
2 83 5943
2 84 4465
2 85 5513
2 86 5519
2 87 5377
2 88 5285
2 89 4737
2 90 4471
2 91 5514
2 92 5656
2 93 4729
2 94 5114
2 95 4200
2 96 4521
2 97 4495
2 98 4892
2 99 4391
2 100 4944
2 101 5228
2 102 4098
2 103 4196
2 104 4119
2 105 4732
3 1 168
3 2 179
3 3 0
3 4 258
3 5 492
3 6 314
3 7 352
3 8 343
3 9 3256
3 10 4750
3 11 3449
3 12 3450
3 13 3644
3 14 3742
3 15 2788
3 16 3965
3 17 2611
3 18 4241
3 19 2862
3 20 2996
3 21 2497
3 22 3254
3 23 3631
3 24 3068
3 25 3552
3 26 3412
3 27 3410
3 28 3680
3 29 3643
3 30 2428
3 31 2616
3 32 3197
3 33 3033
3 34 2909
3 35 3467
3 36 3445
3 37 3751
3 38 2637
3 39 3743
3 40 2695
3 41 3134
3 42 3817
3 43 2775
3 44 3734
3 45 3551
3 46 3577
3 47 3024
3 48 2760
3 49 3416
3 50 3060
3 51 3324
3 52 3133
3 53 3208
3 54 3316
3 55 3214
3 56 2718
3 57 3210
3 58 3409
3 59 3830
3 60 4041
3 61 3331
3 62 2772
3 63 3492
3 64 4099
3 65 3748
3 66 3646
3 67 3984
3 68 3324
3 69 4437
3 70 3425
3 71 3933
3 72 3838
3 73 3761
3 74 3679
3 75 4910
3 76 4395
3 77 4875
3 78 4708
3 79 4577
3 80 5655
3 81 5428
3 82 4173
3 83 4821
3 84 3816
3 85 5717
3 86 5833
3 87 6643
3 88 5558
3 89 4186
3 90 4342
3 91 5237
3 92 5651
3 93 4169
3 94 5101
3 95 3869
3 96 4086
3 97 4161
3 98 4259
3 99 4663
3 100 5182
3 101 4537
3 102 4212
3 103 4646
3 104 4794
3 105 4825
4 1 144
4 2 175
4 3 258
4 4 0
4 5 280
4 6 132
4 7 108
4 8 488
4 9 2993
4 10 4147
4 11 3127
4 12 3563
4 13 3454
4 14 3561
4 15 2735
4 16 2903
4 17 2544
4 18 3561
4 19 2811
4 20 3118
4 21 2453
4 22 2885
4 23 3873
4 24 3254
4 25 3061
4 26 2937
4 27 3380
4 28 3348
4 29 3451
4 30 2578
4 31 3342
4 32 2770
4 33 3628
4 34 2773
4 35 3179
4 36 3966
4 37 3075
4 38 2775
4 39 3376
4 40 2949
4 41 2801
4 42 3629
4 43 3251
4 44 3937
4 45 3628
4 46 4244
4 47 3380
4 48 2855
4 49 3899
4 50 3477
4 51 3827
4 52 3026
4 53 3380
4 54 3768
4 55 3332
4 56 2750
4 57 3623
4 58 3227
4 59 3387
4 60 3444
4 61 3057
4 62 3320
4 63 3781
4 64 3628
4 65 3778
4 66 2975
4 67 3769
4 68 3484
4 69 3644
4 70 3761
4 71 3737
4 72 4306
4 73 3394
4 74 3695
4 75 4833
4 76 3937
4 77 3980
4 78 4909
4 79 4731
4 80 5021
4 81 4886
4 82 4373
4 83 4884
4 84 4332
4 85 4851
4 86 5248
4 87 5585
4 88 5265
4 89 4737
4 90 4403
4 91 5343
4 92 6499
4 93 4435
4 94 5477
4 95 4520
4 96 4101
4 97 5469
4 98 4301
4 99 5092
4 100 5395
4 101 5196
4 102 4927
4 103 4333
4 104 4023
4 105 5412
5 1 391
5 2 413
5 3 492
5 4 280
5 5 0
5 6 263
5 7 345
5 8 461
5 9 2531
5 10 3945
5 11 2873
5 12 2774
5 13 3054
5 14 2984
5 15 2842
5 16 3077
5 17 2317
5 18 3463
5 19 2677
5 20 3233
5 21 2469
5 22 2332
5 23 3412
5 24 2892
5 25 3025
5 26 3124
5 27 3795
5 28 3867
5 29 3693
5 30 2907
5 31 3075
5 32 3556
5 33 3638
5 34 2604
5 35 3632
5 36 4314
5 37 4832
5 38 3741
5 39 3521
5 40 4016
5 41 4166
5 42 4094
5 43 3562
5 44 3966
5 45 3659
5 46 4760
5 47 3935
5 48 3300
5 49 4100
5 50 2990
5 51 3787
5 52 3052
5 53 3405
5 54 4403
5 55 3576
5 56 3318
5 57 4265
5 58 3363
5 59 3111
5 60 3469
5 61 3391
5 62 3135
5 63 3891
5 64 3699
5 65 3034
5 66 3200
5 67 3870
5 68 3475
5 69 3683
5 70 3760
5 71 2998
5 72 3842
5 73 3814
5 74 3318
5 75 4965
5 76 4244
5 77 5210
5 78 4146
5 79 3772
5 80 4774
5 81 5219
5 82 4027
5 83 5503
5 84 4676
5 85 5219
5 86 5229
5 87 5425
5 88 5410
5 89 4918
5 90 4597
5 91 4915
5 92 7926
5 93 4091
5 94 5743
5 95 3800
5 96 5127
5 97 4947
5 98 5844
5 99 4446
5 100 4020
5 101 4437
5 102 4705
5 103 4712
5 104 4158
5 105 6014
6 1 158
6 2 175
6 3 314
6 4 132
6 5 263
6 6 0
6 7 281
6 8 411
6 9 2689
6 10 4054
6 11 3056
6 12 3100
6 13 2730
6 14 3628
6 15 2436
6 16 3780
6 17 2385
6 18 4342
6 19 2931
6 20 3162
6 21 2936
6 22 2642
6 23 3219
6 24 3917
6 25 3439
6 26 3262
6 27 3261
6 28 3543
6 29 4054
6 30 2621
6 31 2719
6 32 2648
6 33 4165
6 34 2899
6 35 3821
6 36 4108
6 37 3394
6 38 3315
6 39 3761
6 40 3352
6 41 3948
6 42 3823
6 43 2915
6 44 3188
6 45 3232
6 46 3425
6 47 2836
6 48 2785
6 49 3314
6 50 3164
6 51 4186
6 52 2893
6 53 3031
6 54 4170
6 55 3183
6 56 2348
6 57 4005
6 58 3715
6 59 3043
6 60 3510
6 61 3194
6 62 2959
6 63 3609
6 64 4310
6 65 3110
6 66 3379
6 67 3150
6 68 3192
6 69 3789
6 70 3434
6 71 3791
6 72 3632
6 73 3517
6 74 3637
6 75 5572
6 76 4352
6 77 3775
6 78 4585
6 79 4109
6 80 4846
6 81 5507
6 82 4203
6 83 5734
6 84 4723
6 85 5196
6 86 5163
6 87 5772
6 88 4763
6 89 4101
6 90 3982
6 91 5340
6 92 6632
6 93 3967
6 94 4905
6 95 4205
6 96 5067
6 97 5237
6 98 5084
6 99 4279
6 100 4683
6 101 5264
6 102 4174
6 103 4268
6 104 3997
6 105 5432
7 1 263
7 2 293
7 3 352
7 4 108
7 5 345
7 6 281
7 7 0
7 8 530
7 9 2732
7 10 4055
7 11 3747
7 12 3568
7 13 3460
7 14 4195
7 15 2392
7 16 3478
7 17 2218
7 18 3870
7 19 2600
7 20 3024
7 21 2496
7 22 3071
7 23 3655
7 24 3002
7 25 3403
7 26 2829
7 27 3254
7 28 3606
7 29 3089
7 30 2668
7 31 4017
7 32 3226
7 33 2956
7 34 3185
7 35 3082
7 36 3495
7 37 3993
7 38 3058
7 39 3380
7 40 3366
7 41 3828
7 42 3960
7 43 3432
7 44 4904
7 45 3006
7 46 4026
7 47 3280
7 48 3082
7 49 3644
7 50 3852
7 51 4112
7 52 3151
7 53 3117
7 54 4164
7 55 3117
7 56 2895
7 57 4351
7 58 3407
7 59 3614
7 60 3478
7 61 3983
7 62 2748
7 63 4040
7 64 3663
7 65 3586
7 66 3814
7 67 3851
7 68 3547
7 69 3610
7 70 4347
7 71 3483
7 72 4200
7 73 3576
7 74 3625
7 75 5403
7 76 3900
7 77 3856
7 78 4332
7 79 4254
7 80 4991
7 81 5420
7 82 4485
7 83 5532
7 84 4534
7 85 5217
7 86 4950
7 87 5248
7 88 3998
7 89 3747
7 90 4033
7 91 4997
7 92 6460
7 93 4592
7 94 5757
7 95 4386
7 96 5037
7 97 5064
7 98 4970
7 99 4442
7 100 4696
7 101 5157
7 102 5030
7 103 5426
7 104 3825
7 105 4935
8 1 315
8 2 285
8 3 343
8 4 488
8 5 461
8 6 411
8 7 530
8 8 0
8 9 2920
8 10 4010
8 11 3486
8 12 3802
8 13 3405
8 14 4091
8 15 2898
8 16 3113
8 17 3006
8 18 4090
8 19 3132
8 20 3216
8 21 2954
8 22 3153
8 23 3624
8 24 3215
8 25 3685
8 26 3741
8 27 3426
8 28 3941
8 29 3530
8 30 3305
8 31 3867
8 32 3476
8 33 3473
8 34 2999
8 35 2917
8 36 3603
8 37 3466
8 38 2721
8 39 3538
8 40 3387
8 41 3985
8 42 3683
8 43 3084
8 44 3321
8 45 3569
8 46 3998
8 47 3198
8 48 2543
8 49 3314
8 50 2194
8 51 3565
8 52 2830
8 53 2583
8 54 3236
8 55 3073
8 56 2318
8 57 2944
8 58 3346
8 59 2637
8 60 3156
8 61 2756
8 62 2344
8 63 2922
8 64 3638
8 65 3076
8 66 3450
8 67 3508
8 68 3247
8 69 3622
8 70 3870
8 71 3578
8 72 3383
8 73 3211
8 74 3611
8 75 5776
8 76 4667
8 77 4404
8 78 4943
8 79 5084
8 80 5378
8 81 6165
8 82 4631
8 83 4731
8 84 5354
8 85 5524
8 86 5344
8 87 6396
8 88 4888
8 89 4831
8 90 3984
8 91 5746
8 92 8814
8 93 3699
8 94 5084
8 95 3533
8 96 4002
8 97 4955
8 98 3988
8 99 4294
8 100 4194
8 101 4752
8 102 4081
8 103 4704
8 104 4256
8 105 4177
9 1 2778
9 2 3044
9 3 3256
9 4 2993
9 5 2531
9 6 2689
9 7 2732
9 8 2920
9 9 0
9 10 961
9 11 973
9 12 842
9 13 400
9 14 927
9 15 221
9 16 908
9 17 2636
9 18 2768
9 19 2906
9 20 2339
9 21 2053
9 22 3169
9 23 2762
9 24 5465
9 25 4291
9 26 3836
9 27 4693
9 28 5122
9 29 4732
9 30 3428
9 31 5438
9 32 4475
9 33 5816
9 34 5941
9 35 5724
9 36 6329
9 37 6360
9 38 6260
9 39 5975
9 40 6703
9 41 6828
9 42 6249
9 43 5992
9 44 7028
9 45 5750
9 46 7122
9 47 6794
9 48 6730
9 49 6054
9 50 4824
9 51 6453
9 52 6219
9 53 5334
9 54 5960
9 55 6361
9 56 4870
9 57 7522
9 58 3663
9 59 4505
9 60 4212
9 61 4416
9 62 3707
9 63 3689
9 64 4511
9 65 3827
9 66 3931
9 67 2437
9 68 1482
9 69 1872
9 70 2520
9 71 2482
9 72 2509
9 73 2400
9 74 1995
9 75 4680
9 76 4037
9 77 4238
9 78 1943
9 79 3276
9 80 2089
9 81 4869
9 82 1427
9 83 6627
9 84 6767
9 85 6575
9 86 7390
9 87 8322
9 88 5711
9 89 6339
9 90 6273
9 91 6751
9 92 9920
9 93 6008
9 94 7595
9 95 6548
9 96 5838
9 97 7069
9 98 6257
9 99 2355
9 100 3980
9 101 2293
9 102 5086
9 103 3490
9 104 1820
9 105 5496
10 1 4215
10 2 4165
10 3 4750
10 4 4147
10 5 3945
10 6 4054
10 7 4055
10 8 4010
10 9 961
10 10 0
10 11 377
10 12 726
10 13 756
10 14 442
10 15 1057
10 16 748
10 17 2788
10 18 2579
10 19 3301
10 20 2706
10 21 2727
10 22 2692
10 23 2588
10 24 5569
10 25 5324
10 26 4928
10 27 5812
10 28 5829
10 29 5903
10 30 3956
10 31 4766
10 32 6420
10 33 7378
10 34 5378
10 35 6549
10 36 6777
10 37 7193
10 38 7262
10 39 8163
10 40 6316
10 41 8173
10 42 6738
10 43 7195
10 44 6889
10 45 6151
10 46 7408
10 47 7203
10 48 7196
10 49 7107
10 50 5820
10 51 7133
10 52 7031
10 53 7100
10 54 8143
10 55 6330
10 56 5194
10 57 6751
10 58 5581
10 59 5157
10 60 5346
10 61 4708
10 62 4437
10 63 5101
10 64 5956
10 65 5163
10 66 5563
10 67 2612
10 68 2528
10 69 2048
10 70 3057
10 71 3051
10 72 2553
10 73 3141
10 74 2434
10 75 3768
10 76 4993
10 77 4646
10 78 1377
10 79 2400
10 80 1243
10 81 3229
10 82 769
10 83 7430
10 84 8901
10 85 6535
10 86 8092
10 87 8059
10 88 7312
10 89 7625
10 90 8884
10 91 8513
10 92 10499
10 93 7073
10 94 10008
10 95 6705
10 96 6071
10 97 8242
10 98 6683
10 99 2494
10 100 5296
10 101 1896
10 102 5612
10 103 3089
10 104 2061
10 105 5882
11 1 3664
11 2 3669
11 3 3449
11 4 3127
11 5 2873
11 6 3056
11 7 3747
11 8 3486
11 9 973
11 10 377
11 11 0
11 12 302
11 13 519
11 14 829
11 15 772
11 16 301
11 17 2812
11 18 2317
11 19 2970
11 20 2139
11 21 2425
11 22 2575
11 23 2441
11 24 5271
11 25 4717
11 26 4342
11 27 4972
11 28 5598
11 29 5271
11 30 4162
11 31 4676
11 32 4237
11 33 7303
11 34 7112
11 35 5514
11 36 6517
11 37 5896
11 38 6498
11 39 6589
11 40 6801
11 41 7003
11 42 7638
11 43 7108
11 44 7275
11 45 6591
11 46 7871
11 47 6241
11 48 7360
11 49 6679
11 50 7037
11 51 7762
11 52 5936
11 53 5643
11 54 8523
11 55 6582
11 56 5597
11 57 5946
11 58 5009
11 59 4488
11 60 5676
11 61 3971
11 62 5345
11 63 5384
11 64 5083
11 65 4166
11 66 5109
11 67 2763
11 68 2464
11 69 2735
11 70 3428
11 71 3403
11 72 3118
11 73 2666
11 74 2804
11 75 3378
11 76 3986
11 77 5043
11 78 1364
11 79 2954
11 80 1785
11 81 3042
11 82 1185
11 83 6741
11 84 7650
11 85 6464
11 86 7213
11 87 7343
11 88 7881
11 89 6674
11 90 7343
11 91 7320
11 92 10371
11 93 6953
11 94 8266
11 95 7012
11 96 6884
11 97 8597
11 98 7261
11 99 2618
11 100 4713
11 101 2145
11 102 5482
11 103 3929
11 104 2086
11 105 5071
12 1 3381
12 2 3982
12 3 3450
12 4 3563
12 5 2774
12 6 3100
12 7 3568
12 8 3802
12 9 842
12 10 726
12 11 302
12 12 0
12 13 601
12 14 946
12 15 655
12 16 76
12 17 2299
12 18 1996
12 19 2363
12 20 1930
12 21 2055
12 22 2001
12 23 2596
12 24 4229
12 25 4118
12 26 4073
12 27 4762
12 28 5419
12 29 4780
12 30 3511
12 31 4448
12 32 3880
12 33 5278
12 34 5759
12 35 6052
12 36 6512
12 37 6858
12 38 5070
12 39 5866
12 40 5642
12 41 7133
12 42 6909
12 43 5272
12 44 7391
12 45 6882
12 46 8161
12 47 6373
12 48 6846
12 49 6779
12 50 6044
12 51 7425
12 52 5484
12 53 6274
12 54 6371
12 55 6456
12 56 6308
12 57 6872
12 58 4667
12 59 4930
12 60 5675
12 61 5674
12 62 4986
12 63 5256
12 64 6080
12 65 4978
12 66 5731
12 67 3565
12 68 2358
12 69 2571
12 70 3188
12 71 3425
12 72 3642
12 73 3844
12 74 3128
12 75 3645
12 76 4195
12 77 4246
12 78 1301
12 79 2078
12 80 2102
12 81 3062
12 82 1567
12 83 6145
12 84 7080
12 85 6035
12 86 7604
12 87 7661
12 88 6655
12 89 6572
12 90 7068
12 91 5989
12 92 11717
12 93 6041
12 94 8309
12 95 6075
12 96 6900
12 97 8348
12 98 6315
12 99 2456
12 100 5441
12 101 2391
12 102 5395
12 103 4694
12 104 2459
12 105 5497
13 1 3423
13 2 3597
13 3 3644
13 4 3454
13 5 3054
13 6 2730
13 7 3460
13 8 3405
13 9 400
13 10 756
13 11 519
13 12 601
13 13 0
13 14 627
13 15 360
13 16 549
13 17 2952
13 18 2479
13 19 2712
13 20 2336
13 21 2301
13 22 3142
13 23 2946
13 24 4213
13 25 4408
13 26 4892
13 27 5841
13 28 5354
13 29 5861
13 30 4458
13 31 4491
13 32 4470
13 33 7042
13 34 5689
13 35 6463
13 36 6983
13 37 5839
13 38 7227
13 39 7610
13 40 6347
13 41 7213
13 42 6746
13 43 5932
13 44 6772
13 45 7571
13 46 6371
13 47 6210
13 48 6010
13 49 6205
13 50 5931
13 51 6701
13 52 5438
13 53 6089
13 54 6465
13 55 5292
13 56 5552
13 57 7165
13 58 4473
13 59 4175
13 60 3912
13 61 5230
13 62 4472
13 63 4729
13 64 4879
13 65 3740
13 66 5090
13 67 2469
13 68 1884
13 69 1834
13 70 2535
13 71 3572
13 72 3028
13 73 2967
13 74 2288
13 75 4785
13 76 4398
13 77 4843
13 78 1895
13 79 2407
13 80 1889
13 81 3696
13 82 1189
13 83 6867
13 84 7767
13 85 5925
13 86 7807
13 87 7273
13 88 7617
13 89 6950
13 90 7223
13 91 8053
13 92 9603
13 93 5640
13 94 8293
13 95 6815
13 96 6935
13 97 8271
13 98 7334
13 99 1982
13 100 4239
13 101 2019
13 102 4810
13 103 3454
13 104 1602
13 105 5191
14 1 4133
14 2 3486
14 3 3742
14 4 3561
14 5 2984
14 6 3628
14 7 4195
14 8 4091
14 9 927
14 10 442
14 11 829
14 12 946
14 13 627
14 14 0
14 15 1177
14 16 1062
14 17 3391
14 18 2809
14 19 4089
14 20 3031
14 21 3690
14 22 3794
14 23 3453
14 24 4897
14 25 5879
14 26 4791
14 27 5815
14 28 6418
14 29 5831
14 30 4686
14 31 5655
14 32 4904
14 33 7436
14 34 6447
14 35 7910
14 36 6997
14 37 6768
14 38 6712
14 39 7560
14 40 6039
14 41 7432
14 42 8654
14 43 5825
14 44 7820
14 45 6813
14 46 8146
14 47 7751
14 48 5275
14 49 7723
14 50 5838
14 51 6609
14 52 5522
14 53 7083
14 54 7058
14 55 6343
14 56 5180
14 57 6827
14 58 4688
14 59 5280
14 60 5217
14 61 4998
14 62 4158
14 63 4328
14 64 5518
14 65 5321
14 66 5310
14 67 2457
14 68 1938
14 69 2142
14 70 2441
14 71 3218
14 72 2838
14 73 2735
14 74 2017
14 75 4069
14 76 5190
14 77 5897
14 78 1903
14 79 2741
14 80 1056
14 81 3761
14 82 587
14 83 8051
14 84 8079
14 85 7651
14 86 8770
14 87 8738
14 88 8053
14 89 7223
14 90 7668
14 91 7694
14 92 10787
14 93 6279
14 94 8095
14 95 6511
14 96 7993
14 97 9866
14 98 6641
14 99 1738
14 100 4010
14 101 1496
14 102 5538
14 103 3381
14 104 1621
14 105 5966
15 1 2596
15 2 3273
15 3 2788
15 4 2735
15 5 2842
15 6 2436
15 7 2392
15 8 2898
15 9 221
15 10 1057
15 11 772
15 12 655
15 13 360
15 14 1177
15 15 0
15 16 739
15 17 2666
15 18 2419
15 19 2587
15 20 2488
15 21 1813
15 22 2803
15 23 2799
15 24 4127
15 25 5436
15 26 4227
15 27 5251
15 28 5725
15 29 4957
15 30 4479
15 31 4822
15 32 3995
15 33 6386
15 34 5719
15 35 5409
15 36 5794
15 37 6051
15 38 6446
15 39 5890
15 40 5162
15 41 6754
15 42 6155
15 43 5853
15 44 6466
15 45 6813
15 46 6050
15 47 7064
15 48 5435
15 49 5996
15 50 5088
15 51 6473
15 52 5637
15 53 5772
15 54 6965
15 55 4768
15 56 4707
15 57 5787
15 58 4737
15 59 3619
15 60 4664
15 61 3581
15 62 3941
15 63 3820
15 64 4604
15 65 3823
15 66 4358
15 67 2221
15 68 1856
15 69 2296
15 70 2724
15 71 2877
15 72 2071
15 73 2589
15 74 2779
15 75 4198
15 76 4747
15 77 4398
15 78 2158
15 79 3550
15 80 2095
15 81 3362
15 82 1596
15 83 6652
15 84 7009
15 85 6471
15 86 6381
15 87 6948
15 88 6302
15 89 6046
15 90 8898
15 91 7172
15 92 9806
15 93 5711
15 94 8725
15 95 5653
15 96 6615
15 97 8454
15 98 5823
15 99 2271
15 100 4258
15 101 2409
15 102 4550
15 103 3517
15 104 2089
15 105 5025
16 1 3758
16 2 3592
16 3 3965
16 4 2903
16 5 3077
16 6 3780
16 7 3478
16 8 3113
16 9 908
16 10 748
16 11 301
16 12 76
16 13 549
16 14 1062
16 15 739
16 16 0
16 17 2246
16 18 1616
16 19 2232
16 20 1898
16 21 1978
16 22 2309
16 23 2162
16 24 4604
16 25 5090
16 26 4091
16 27 5065
16 28 5632
16 29 4863
16 30 3859
16 31 4414
16 32 4457
16 33 7150
16 34 5407
16 35 5864
16 36 5998
16 37 5817
16 38 5746
16 39 7431
16 40 5849
16 41 7385
16 42 6749
16 43 6248
16 44 7346
16 45 7428
16 46 7165
16 47 7079
16 48 6154
16 49 6266
16 50 5019
16 51 6658
16 52 6190
16 53 6259
16 54 6700
16 55 6607
16 56 6285
16 57 5867
16 58 4418
16 59 5179
16 60 5806
16 61 4764
16 62 4391
16 63 4713
16 64 6064
16 65 5332
16 66 5196
16 67 3171
16 68 2484
16 69 2395
16 70 3516
16 71 3848
16 72 2951
16 73 3422
16 74 3283
16 75 3859
16 76 4291
16 77 4599
16 78 1317
16 79 2236
16 80 1950
16 81 3174
16 82 1578
16 83 6489
16 84 8470
16 85 6078
16 86 6871
16 87 6939
16 88 7587
16 89 6667
16 90 8139
16 91 7852
16 92 10892
16 93 7132
16 94 8131
16 95 6836
16 96 7295
16 97 8181
16 98 7222
16 99 2919
16 100 4690
16 101 2561
16 102 6135
16 103 3866
16 104 2141
16 105 6079
17 1 2643
17 2 2445
17 3 2611
17 4 2544
17 5 2317
17 6 2385
17 7 2218
17 8 3006
17 9 2636
17 10 2788
17 11 2812
17 12 2299
17 13 2952
17 14 3391
17 15 2666
17 16 2246
17 17 0
17 18 1370
17 19 351
17 20 500
17 21 374
17 22 218
17 23 825
17 24 2145
17 25 2241
17 26 2274
17 27 2615
17 28 2625
17 29 2256
17 30 1749
17 31 2429
17 32 2298
17 33 4624
17 34 3723
17 35 4001
17 36 4696
17 37 4110
17 38 4016
17 39 4489
17 40 4610
17 41 5275
17 42 6181
17 43 5370
17 44 4751
17 45 4899
17 46 5520
17 47 6610
17 48 4867
17 49 5423
17 50 5238
17 51 7086
17 52 5558
17 53 5690
17 54 5574
17 55 6884
17 56 5104
17 57 6391
17 58 6315
17 59 5120
17 60 6338
17 61 5064
17 62 4721
17 63 5247
17 64 5870
17 65 6134
17 66 6245
17 67 4350
17 68 4168
17 69 4375
17 70 4059
17 71 4955
17 72 4583
17 73 4427
17 74 4402
17 75 2069
17 76 2323
17 77 2567
17 78 2814
17 79 2061
17 80 4278
17 81 2144
17 82 3285
17 83 3961
17 84 6418
17 85 4267
17 86 4428
17 87 4814
17 88 4501
17 89 4798
17 90 5865
17 91 4750
17 92 10731
17 93 6961
17 94 7334
17 95 6737
17 96 6550
17 97 8386
17 98 7041
17 99 4931
17 100 6304
17 101 4909
17 102 6624
17 103 6131
17 104 4499
17 105 6929
18 1 3910
18 2 3663
18 3 4241
18 4 3561
18 5 3463
18 6 4342
18 7 3870
18 8 4090
18 9 2768
18 10 2579
18 11 2317
18 12 1996
18 13 2479
18 14 2809
18 15 2419
18 16 1616
18 17 1370
18 18 0
18 19 1501
18 20 806
18 21 1214
18 22 1290
18 23 771
18 24 3616
18 25 3203
18 26 3538
18 27 3768
18 28 4060
18 29 3794
18 30 2775
18 31 3102
18 32 3665
18 33 5840
18 34 4860
18 35 5675
18 36 6663
18 37 4578
18 38 5483
18 39 5456
18 40 6051
18 41 7469
18 42 7037
18 43 7907
18 44 7459
18 45 6388
18 46 5947
18 47 6603
18 48 7727
18 49 6496
18 50 6879
18 51 7601
18 52 6475
18 53 7220
18 54 6984
18 55 7135
18 56 6522
18 57 6485
18 58 6309
18 59 6012
18 60 7013
18 61 6431
18 62 5654
18 63 5828
18 64 7264
18 65 6096
18 66 7100
18 67 4964
18 68 4307
18 69 4421
18 70 5131
18 71 5845
18 72 5155
18 73 4342
18 74 5267
18 75 1958
18 76 2347
18 77 2701
18 78 1881
18 79 545
18 80 3114
18 81 1035
18 82 3082
18 83 4917
18 84 7515
18 85 4816
18 86 5684
18 87 7316
18 88 5587
18 89 5592
18 90 6943
18 91 5864
18 92 12752
18 93 7969
18 94 7944
18 95 8465
18 96 6746
18 97 7844
18 98 8452
18 99 4526
18 100 6304
18 101 4167
18 102 8202
18 103 6374
18 104 4174
18 105 7346
19 1 2685
19 2 3367
19 3 2862
19 4 2811
19 5 2677
19 6 2931
19 7 2600
19 8 3132
19 9 2906
19 10 3301
19 11 2970
19 12 2363
19 13 2712
19 14 4089
19 15 2587
19 16 2232
19 17 351
19 18 1501
19 19 0
19 20 704
19 21 668
19 22 223
19 23 907
19 24 1911
19 25 1961
19 26 1545
19 27 2235
19 28 2487
19 29 2179
19 30 1476
19 31 2120
19 32 1697
19 33 4578
19 34 3272
19 35 3835
19 36 4412
19 37 4307
19 38 4512
19 39 3741
19 40 4186
19 41 5761
19 42 6368
19 43 5382
19 44 5464
19 45 5346
19 46 5754
19 47 5918
19 48 4960
19 49 6432
19 50 6518
19 51 6173
19 52 4990
19 53 5843
19 54 6208
19 55 5886
19 56 5271
19 57 6708
19 58 6283
19 59 5049
19 60 5964
19 61 6863
19 62 6198
19 63 5663
19 64 7136
19 65 6121
19 66 6734
19 67 5288
19 68 4882
19 69 4789
19 70 5117
19 71 4889
19 72 5024
19 73 4944
19 74 4465
19 75 2382
19 76 2112
19 77 1782
19 78 3078
19 79 2157
19 80 4250
19 81 1766
19 82 4076
19 83 3835
19 84 6240
19 85 3751
19 86 4329
19 87 5256
19 88 4922
19 89 3653
19 90 6095
19 91 4411
19 92 11317
19 93 6843
19 94 7120
19 95 6056
19 96 7563
19 97 6712
19 98 7344
19 99 5209
19 100 7006
19 101 4795
19 102 7331
19 103 6305
19 104 5884
19 105 7647
20 1 3025
20 2 3318
20 3 2996
20 4 3118
20 5 3233
20 6 3162
20 7 3024
20 8 3216
20 9 2339
20 10 2706
20 11 2139
20 12 1930
20 13 2336
20 14 3031
20 15 2488
20 16 1898
20 17 500
20 18 806
20 19 704
20 20 0
20 21 370
20 22 465
20 23 759
20 24 2378
20 25 3103
20 26 2343
20 27 3148
20 28 3377
20 29 3289
20 30 1966
20 31 2253
20 32 2561
20 33 5408
20 34 4280
20 35 3776
20 36 4913
20 37 4807
20 38 4779
20 39 4883
20 40 5405
20 41 6471
20 42 6411
20 43 5310
20 44 6371
20 45 5452
20 46 7491
20 47 6301
20 48 6569
20 49 6891
20 50 5818
20 51 7304
20 52 5095
20 53 5957
20 54 5928
20 55 6510
20 56 6058
20 57 6781
20 58 5762
20 59 5917
20 60 5707
20 61 5579
20 62 5605
20 63 5300
20 64 6467
20 65 6206
20 66 5484
20 67 5287
20 68 4078
20 69 5172
20 70 4602
20 71 4425
20 72 5555
20 73 4789
20 74 4476
20 75 2612
20 76 2694
20 77 2537
20 78 2393
20 79 1472
20 80 3701
20 81 1586
20 82 3243
20 83 4882
20 84 5931
20 85 4442
20 86 4872
20 87 5000
20 88 5403
20 89 4120
20 90 7018
20 91 5654
20 92 11123
20 93 7663
20 94 8030
20 95 6978
20 96 7360
20 97 7341
20 98 7731
20 99 4187
20 100 7059
20 101 4736
20 102 7605
20 103 6497
20 104 4140
20 105 7247
21 1 3017
21 2 3097
21 3 2497
21 4 2453
21 5 2469
21 6 2936
21 7 2496
21 8 2954
21 9 2053
21 10 2727
21 11 2425
21 12 2055
21 13 2301
21 14 3690
21 15 1813
21 16 1978
21 17 374
21 18 1214
21 19 668
21 20 370
21 21 0
21 22 530
21 23 906
21 24 3410
21 25 2802
21 26 2581
21 27 2922
21 28 3175
21 29 3252
21 30 2062
21 31 2830
21 32 2533
21 33 4572
21 34 4002
21 35 3974
21 36 4071
21 37 4281
21 38 4389
21 39 4475
21 40 4784
21 41 5017
21 42 5757
21 43 5083
21 44 5834
21 45 5250
21 46 6906
21 47 5324
21 48 4784
21 49 4887
21 50 5166
21 51 5887
21 52 5575
21 53 5974
21 54 5619
21 55 6315
21 56 4916
21 57 6538
21 58 5135
21 59 4548
21 60 5954
21 61 5774
21 62 5380
21 63 5525
21 64 6056
21 65 4620
21 66 6613
21 67 4360
21 68 3930
21 69 4355
21 70 4318
21 71 4136
21 72 4625
21 73 3710
21 74 4001
21 75 2579
21 76 2326
21 77 2372
21 78 2451
21 79 1971
21 80 3881
21 81 2211
21 82 3529
21 83 5078
21 84 7526
21 85 4952
21 86 4202
21 87 6438
21 88 5257
21 89 4875
21 90 5970
21 91 4885
21 92 11135
21 93 6598
21 94 7359
21 95 6499
21 96 7459
21 97 7377
21 98 7605
21 99 4582
21 100 5345
21 101 4550
21 102 7085
21 103 6501
21 104 3839
21 105 6307
22 1 3118
22 2 2819
22 3 3254
22 4 2885
22 5 2332
22 6 2642
22 7 3071
22 8 3153
22 9 3169
22 10 2692
22 11 2575
22 12 2001
22 13 3142
22 14 3794
22 15 2803
22 16 2309
22 17 218
22 18 1290
22 19 223
22 20 465
22 21 530
22 22 0
22 23 741
22 24 2719
22 25 2504
22 26 1848
22 27 2831
22 28 2705
22 29 2834
22 30 1622
22 31 2102
22 32 2197
22 33 4970
22 34 3437
22 35 3824
22 36 4040
22 37 4355
22 38 4536
22 39 4558
22 40 4449
22 41 5378
22 42 6066
22 43 5602
22 44 5496
22 45 5529
22 46 6628
22 47 5107
22 48 5052
22 49 5983
22 50 6855
22 51 6973
22 52 6135
22 53 6311
22 54 6805
22 55 6115
22 56 6091
22 57 6313
22 58 5678
22 59 5111
22 60 6105
22 61 5535
22 62 6083
22 63 6142
22 64 6773
22 65 5830
22 66 6303
22 67 4204
22 68 4438
22 69 4876
22 70 5081
22 71 5502
22 72 4858
22 73 4883
22 74 4825
22 75 1877
22 76 1909
22 77 2133
22 78 2548
22 79 1719
22 80 4207
22 81 1952
22 82 3585
22 83 4496
22 84 6851
22 85 3514
22 86 5246
22 87 5382
22 88 4330
22 89 4098
22 90 6484
22 91 4740
22 92 10833
22 93 5479
22 94 7531
22 95 6308
22 96 7040
22 97 7179
22 98 7272
22 99 4754
22 100 6570
22 101 4861
22 102 6927
22 103 6267
22 104 4441
22 105 8661
23 1 3660
23 2 3982
23 3 3631
23 4 3873
23 5 3412
23 6 3219
23 7 3655
23 8 3624
23 9 2762
23 10 2588
23 11 2441
23 12 2596
23 13 2946
23 14 3453
23 15 2799
23 16 2162
23 17 825
23 18 771
23 19 907
23 20 759
23 21 906
23 22 741
23 23 0
23 24 2392
23 25 2781
23 26 2099
23 27 3054
23 28 3640
23 29 3061
23 30 2226
23 31 2137
23 32 2655
23 33 5201
23 34 4365
23 35 3915
23 36 5047
23 37 4860
23 38 4909
23 39 5073
23 40 5953
23 41 6101
23 42 6683
23 43 6258
23 44 7653
23 45 7002
23 46 6138
23 47 6107
23 48 6009
23 49 6288
23 50 6521
23 51 6745
23 52 6388
23 53 7331
23 54 7522
23 55 6569
23 56 7192
23 57 6854
23 58 6582
23 59 5991
23 60 6502
23 61 6220
23 62 5060
23 63 5657
23 64 6138
23 65 6270
23 66 6886
23 67 5866
23 68 4436
23 69 5015
23 70 4982
23 71 5704
23 72 4579
23 73 5439
23 74 4761
23 75 1337
23 76 1903
23 77 2170
23 78 2979
23 79 1216
23 80 4238
23 81 1375
23 82 3315
23 83 4954
23 84 7817
23 85 3501
23 86 4849
23 87 5612
23 88 4803
23 89 5050
23 90 5979
23 91 5756
23 92 11913
23 93 8951
23 94 8833
23 95 7572
23 96 8932
23 97 8717
23 98 9242
23 99 4998
23 100 7092
23 101 5803
23 102 6791
23 103 7142
23 104 4858
23 105 7087
24 1 2880
24 2 3027
24 3 3068
24 4 3254
24 5 2892
24 6 3917
24 7 3002
24 8 3215
24 9 5465
24 10 5569
24 11 5271
24 12 4229
24 13 4213
24 14 4897
24 15 4127
24 16 4604
24 17 2145
24 18 3616
24 19 1911
24 20 2378
24 21 3410
24 22 2719
24 23 2392
24 24 0
24 25 224
24 26 292
24 27 435
24 28 525
24 29 407
24 30 672
24 31 167
24 32 60
24 33 2710
24 34 2331
24 35 2023
24 36 2761
24 37 2552
24 38 2408
24 39 2818
24 40 2852
24 41 4837
24 42 4838
24 43 4671
24 44 4416
24 45 4284
24 46 4380
24 47 4714
24 48 4552
24 49 4429
24 50 5245
24 51 6691
24 52 5957
24 53 5587
24 54 7564
24 55 6861
24 56 5934
24 57 5229
24 58 8029
24 59 6654
24 60 6782
24 61 6740
24 62 6375
24 63 6381
24 64 8393
24 65 5965
24 66 7081
24 67 5963
24 68 5680
24 69 7946
24 70 6303
24 71 6119
24 72 6088
24 73 6537
24 74 6800
24 75 3295
24 76 1945
24 77 1535
24 78 5204
24 79 3959
24 80 8029
24 81 3655
24 82 6398
24 83 2335
24 84 5355
24 85 2045
24 86 2390
24 87 3008
24 88 2757
24 89 1920
24 90 3723
24 91 3122
24 92 9441
24 93 7751
24 94 7924
24 95 7166
24 96 8982
24 97 5406
24 98 7338
24 99 6084
24 100 7751
24 101 6807
24 102 7700
24 103 6551
24 104 6833
24 105 6980
25 1 3304
25 2 2946
25 3 3552
25 4 3061
25 5 3025
25 6 3439
25 7 3403
25 8 3685
25 9 4291
25 10 5324
25 11 4717
25 12 4118
25 13 4408
25 14 5879
25 15 5436
25 16 5090
25 17 2241
25 18 3203
25 19 1961
25 20 3103
25 21 2802
25 22 2504
25 23 2781
25 24 224
25 25 0
25 26 529
25 27 252
25 28 348
25 29 336
25 30 811
25 31 423
25 32 267
25 33 2772
25 34 2071
25 35 2130
25 36 2436
25 37 2416
25 38 2827
25 39 2415
25 40 2554
25 41 4517
25 42 4372
25 43 4312
25 44 4107
25 45 3409
25 46 4552
25 47 5000
25 48 3972
25 49 4698
25 50 5732
25 51 7604
25 52 5757
25 53 4643
25 54 6001
25 55 6504
25 56 5684
25 57 6177
25 58 6539
25 59 5779
25 60 6985
25 61 6077
25 62 6356
25 63 6704
25 64 6744
25 65 6254
25 66 5554
25 67 5935
25 68 6015
25 69 6976
25 70 6081
25 71 6971
25 72 6936
25 73 7102
25 74 5750
25 75 3217
25 76 1972
25 77 1512
25 78 5194
25 79 4347
25 80 6386
25 81 4812
25 82 6071
25 83 1709
25 84 4260
25 85 1967
25 86 2167
25 87 2781
25 88 2226
25 89 1848
25 90 3212
25 91 2617
25 92 8705
25 93 6619
25 94 7922
25 95 7239
25 96 6870
25 97 5566
25 98 9187
25 99 6177
25 100 8451
25 101 7132
25 102 7675
25 103 7270
25 104 6569
25 105 9679
26 1 3257
26 2 2915
26 3 3412
26 4 2937
26 5 3124
26 6 3262
26 7 2829
26 8 3741
26 9 3836
26 10 4928
26 11 4342
26 12 4073
26 13 4892
26 14 4791
26 15 4227
26 16 4091
26 17 2274
26 18 3538
26 19 1545
26 20 2343
26 21 2581
26 22 1848
26 23 2099
26 24 292
26 25 529
26 26 0
26 27 657
26 28 765
26 29 735
26 30 480
26 31 197
26 32 272
26 33 3120
26 34 2434
26 35 2316
26 36 2674
26 37 3252
26 38 3836
26 39 3099
26 40 2889
26 41 4831
26 42 4969
26 43 4605
26 44 4340
26 45 4661
26 46 5404
26 47 4314
26 48 3932
26 49 4352
26 50 6687
26 51 6382
26 52 6478
26 53 5290
26 54 6098
26 55 6168
26 56 6066
26 57 5931
26 58 6207
26 59 6552
26 60 6380
26 61 5457
26 62 6713
26 63 5930
26 64 7156
26 65 6850
26 66 5601
26 67 6513
26 68 4837
26 69 5881
26 70 6411
26 71 6701
26 72 6493
26 73 5082
26 74 5888
26 75 3155
26 76 1755
26 77 1456
26 78 4584
26 79 3519
26 80 5548
26 81 3381
26 82 5589
26 83 2397
26 84 5795
26 85 2558
26 86 2592
26 87 3816
26 88 2744
26 89 2094
26 90 4457
26 91 2781
26 92 11930
26 93 7366
26 94 7784
26 95 7182
26 96 7943
26 97 6026
26 98 5911
26 99 6196
26 100 8213
26 101 8252
26 102 7349
26 103 7498
26 104 5568
26 105 7621
27 1 3425
27 2 3535
27 3 3410
27 4 3380
27 5 3795
27 6 3261
27 7 3254
27 8 3426
27 9 4693
27 10 5812
27 11 4972
27 12 4762
27 13 5841
27 14 5815
27 15 5251
27 16 5065
27 17 2615
27 18 3768
27 19 2235
27 20 3148
27 21 2922
27 22 2831
27 23 3054
27 24 435
27 25 252
27 26 657
27 27 0
27 28 236
27 29 164
27 30 890
27 31 580
27 32 430
27 33 2664
27 34 1964
27 35 1924
27 36 2074
27 37 2503
27 38 2737
27 39 2264
27 40 2668
27 41 3863
27 42 4718
27 43 4108
27 44 4284
27 45 4133
27 46 4995
27 47 5134
27 48 3941
27 49 4237
27 50 5610
27 51 6229
27 52 5897
27 53 5312
27 54 6963
27 55 5969
27 56 4806
27 57 5839
27 58 6450
27 59 8114
27 60 6081
27 61 6314
27 62 6208
27 63 6386
27 64 7948
27 65 6544
27 66 7347
27 67 7345
27 68 6311
27 69 7182
27 70 6455
27 71 6180
27 72 6795
27 73 7455
27 74 6926
27 75 3914
27 76 2374
27 77 1913
27 78 4904
27 79 4171
27 80 7015
27 81 3973
27 82 6191
27 83 1850
27 84 4392
27 85 1578
27 86 2184
27 87 2403
27 88 2405
27 89 1543
27 90 3782
27 91 2241
27 92 11766
27 93 7380
27 94 6322
27 95 6264
27 96 7133
27 97 5360
27 98 8060
27 99 6150
27 100 7459
27 101 7904
27 102 7191
27 103 8347
27 104 6468
27 105 7835
28 1 3636
28 2 4015
28 3 3680
28 4 3348
28 5 3867
28 6 3543
28 7 3606
28 8 3941
28 9 5122
28 10 5829
28 11 5598
28 12 5419
28 13 5354
28 14 6418
28 15 5725
28 16 5632
28 17 2625
28 18 4060
28 19 2487
28 20 3377
28 21 3175
28 22 2705
28 23 3640
28 24 525
28 25 348
28 26 765
28 27 236
28 28 0
28 29 86
28 30 1058
28 31 585
28 32 505
28 33 2608
28 34 1995
28 35 1893
28 36 1998
28 37 2474
28 38 2928
28 39 2551
28 40 2547
28 41 5182
28 42 4872
28 43 4410
28 44 4099
28 45 4197
28 46 4663
28 47 4929
28 48 3748
28 49 4017
28 50 5953
28 51 5780
28 52 6870
28 53 5623
28 54 6646
28 55 6829
28 56 5598
28 57 6100
28 58 7996
28 59 6960
28 60 7109
28 61 7685
28 62 6882
28 63 7506
28 64 6653
28 65 7391
28 66 6259
28 67 7308
28 68 6187
28 69 6899
28 70 7274
28 71 6050
28 72 7655
28 73 6559
28 74 7436
28 75 3103
28 76 2026
28 77 1444
28 78 5909
28 79 4143
28 80 5839
28 81 4132
28 82 6184
28 83 1640
28 84 5137
28 85 1865
28 86 2124
28 87 2510
28 88 2021
28 89 1445
28 90 3712
28 91 2431
28 92 10057
28 93 7144
28 94 6237
28 95 7580
28 96 7593
28 97 5393
28 98 8588
28 99 7235
28 100 7826
28 101 7911
28 102 7898
28 103 7815
28 104 6222
28 105 8366
29 1 3442
29 2 3404
29 3 3643
29 4 3451
29 5 3693
29 6 4054
29 7 3089
29 8 3530
29 9 4732
29 10 5903
29 11 5271
29 12 4780
29 13 5861
29 14 5831
29 15 4957
29 16 4863
29 17 2256
29 18 3794
29 19 2179
29 20 3289
29 21 3252
29 22 2834
29 23 3061
29 24 407
29 25 336
29 26 735
29 27 164
29 28 86
29 29 0
29 30 907
29 31 578
29 32 463
29 33 2758
29 34 2004
29 35 1713
29 36 2321
29 37 2525
29 38 3029
29 39 2249
29 40 2437
29 41 4520
29 42 5899
29 43 4765
29 44 4675
29 45 3867
29 46 6228
29 47 4812
29 48 3894
29 49 3909
29 50 6020
29 51 5562
29 52 6513
29 53 5185
29 54 6252
29 55 6132
29 56 5406
29 57 5960
29 58 6858
29 59 6631
29 60 7682
29 61 6340
29 62 6742
29 63 7169
29 64 7763
29 65 7137
29 66 8284
29 67 6697
29 68 6991
29 69 7005
29 70 6887
29 71 6673
29 72 7449
29 73 6360
29 74 6455
29 75 3532
29 76 1851
29 77 1735
29 78 4603
29 79 4241
29 80 6751
29 81 4065
29 82 6773
29 83 1510
29 84 4768
29 85 1589
29 86 2281
29 87 2703
29 88 2013
29 89 1333
29 90 4112
29 91 2150
29 92 8583
29 93 7117
29 94 7050
29 95 6222
29 96 6880
29 97 6136
29 98 8097
29 99 8660
29 100 8791
29 101 6989
29 102 7847
29 103 6601
29 104 7185
29 105 9687
30 1 2965
30 2 3037
30 3 2428
30 4 2578
30 5 2907
30 6 2621
30 7 2668
30 8 3305
30 9 3428
30 10 3956
30 11 4162
30 12 3511
30 13 4458
30 14 4686
30 15 4479
30 16 3859
30 17 1749
30 18 2775
30 19 1476
30 20 1966
30 21 2062
30 22 1622
30 23 2226
30 24 672
30 25 811
